0.0000,0,1,1.5412,1
(0.1057,1,1),(0.2178,2,2),(0.3298,3,3),(0.4418,4,4),(0.5539,5,5),(0.6659,6,6),(0.7780,7,7),(0.8900,8,8),(1.0020,9,9),(1.1110,10,9),(1.2200,11,9),(1.3290,12,9),(1.4380,13,9)
0.0000,0,2,1.6591,1
(0.1058,0,1),(0.2179,-1,2),(0.3299,-2,3),(0.4420,-3,4),(0.5540,-4,5),(0.6660,-5,6),(0.7781,-6,7),(0.8901,-7,8),(1.0022,-8,9),(1.1142,-9,10),(1.2262,-10,11),(1.3383,-11,12),(1.4463,-11,13),(1.5543,-11,14)
4.7000,0,1,1.6478,1
(4.8042,0,1),(4.9163,1,2),(5.0283,2,3),(5.1404,3,4),(5.2524,4,5),(5.3645,5,6),(5.4765,6,7),(5.5885,7,8),(5.7006,8,9),(5.8096,9,9),(5.9186,10,9),(6.0276,11,9),(6.1366,12,9),(6.2456,13,9)
4.7000,0,2,1.5511,1
(4.8042,0,1),(4.9163,-1,2),(5.0283,-2,3),(5.1404,-3,4),(5.2524,-4,5),(5.3645,-5,6),(5.4765,-6,7),(5.5885,-7,8),(5.7006,-8,9),(5.8126,-9,10),(5.9247,-10,11),(6.0367,-11,12),(6.1447,-11,13)
16.4000,0,1,1.5413,1
(16.5051,0,1),(16.6172,1,2),(16.7292,2,3),(16.8412,3,4),(16.9533,4,5),(17.0653,5,6),(17.1774,6,7),(17.2894,7,8),(17.4015,8,9),(17.5105,9,9),(17.6195,10,9),(17.7285,11,9),(17.8375,12,9)
16.4000,0,2,1.6555,1
(16.5065,-1,1),(16.6185,-2,2),(16.7306,-3,3),(16.8426,-4,4),(16.9546,-5,5),(17.0667,-6,6),(17.1787,-7,7),(17.2908,-8,8),(17.4028,-9,9),(17.5149,-10,10),(17.6269,-11,11),(17.7349,-11,12),(17.8429,-11,13),(17.9509,-11,14)