0.0,0,1,2.1723,3
(0.1057,1,1),(0.2147,2,1),(0.3237,3,1),(0.4327,4,1),(0.5417,5,1),(0.6507,6,1),(0.7597,7,1),(0.8695,3),(0.9809,8,3),(1.0899,9,3),(1.1979,9,4),(1.3069,10,4),(1.4149,10,5),(1.5239,11,5),(1.6319,11,6),(1.7399,11,7),(1.8489,12,7),(1.9569,12,8),(2.0659,13,8)
0.0,0,1,2.2843,3
(0.2178,1,1),(0.3268,2,1),(0.4358,3,1),(0.5448,4,1),(0.6538,5,1),(0.7628,6,1),(0.8718,7,1),(0.9815,3),(1.0929,8,3),(1.2019,9,3),(1.3099,9,4),(1.4189,10,4),(1.5269,10,5),(1.6359,11,5),(1.7439,11,6),(1.8519,11,7),(1.9609,12,7),(2.0689,12,8),(2.1779,13,8)
0.0,0,1,2.3963,3
(0.3298,1,1),(0.4388,2,1),(0.5478,3,1),(0.6568,4,1),(0.7658,5,1),(0.8748,6,1),(0.9838,7,1),(1.0935,3),(1.2049,8,3),(1.3139,9,3),(1.4219,9,4),(1.5309,10,4),(1.6389,10,5),(1.7479,11,5),(1.8559,11,6),(1.9639,11,7),(2.0729,12,7),(2.1809,12,8),(2.2899,13,8)
0.0,0,1,2.5083,1
(0.4418,1,1),(0.5508,2,1),(0.6598,3,1),(0.7688,4,1),(0.8778,5,1),(0.9868,6,1),(1.0958,7,1),(1.2055,3),(1.3169,8,3),(1.4259,9,3),(1.5339,9,4),(1.6429,10,4),(1.7509,10,5),(1.8599,11,5),(1.9679,11,6),(2.0759,11,7),(2.1849,12,7),(2.2929,12,8),(2.4019,13,8)
0.0,0,2,2.7056,3
(0.1058,0,1),(0.2148,-1,1),(0.3228,-1,2),(0.4318,-2,2),(0.5398,-2,3),(0.6478,-2,4),(0.7568,-3,4),(0.8648,-3,5),(0.9738,-4,5),(1.0818,-4,6),(1.1908,-5,6),(1.2988,-5,7),(1.4078,-6,7),(1.5158,-6,8),(1.6238,-6,9),(1.7328,-7,9),(1.8408,-7,10),(1.9498,-8,10),(2.0578,-8,11),(2.1668,-9,11),(2.2748,-9,12),(2.3838,-10,12),(2.4918,-10,13),(2.5998,-10,14)
0.0,0,2,2.8176,3
(0.2178,0,1),(0.3268,-1,1),(0.4348,-1,2),(0.5438,-2,2),(0.6518,-2,3),(0.7598,-2,4),(0.8688,-3,4),(0.9768,-3,5),(1.0858,-4,5),(1.1938,-4,6),(1.3028,-5,6),(1.4108,-5,7),(1.5198,-6,7),(1.6278,-6,8),(1.7358,-6,9),(1.8448,-7,9),(1.9528,-7,10),(2.0618,-8,10),(2.1698,-8,11),(2.2788,-9,11),(2.3868,-9,12),(2.4958,-10,12),(2.6038,-10,13),(2.7118,-10,14)
0.0,0,2,2.9296,3
(0.3297,0,1),(0.4387,-1,1),(0.5467,-1,2),(0.6557,-2,2),(0.7637,-2,3),(0.8717,-2,4),(0.9807,-3,4),(1.0887,-3,5),(1.1977,-4,5),(1.3057,-4,6),(1.4147,-5,6),(1.5227,-5,7),(1.6317,-6,7),(1.7397,-6,8),(1.8477,-6,9),(1.9567,-7,9),(2.0647,-7,10),(2.1737,-8,10),(2.2817,-8,11),(2.3907,-9,11),(2.4987,-9,12),(2.6077,-10,12),(2.7157,-10,13),(2.8237,-10,14)
0.0,0,2,3.0416,1
(0.4417,0,1),(0.5507,-1,1),(0.6587,-1,2),(0.7677,-2,2),(0.8757,-2,3),(0.9837,-2,4),(1.0927,-3,4),(1.2007,-3,5),(1.3097,-4,5),(1.4177,-4,6),(1.5267,-5,6),(1.6347,-5,7),(1.7437,-6,7),(1.8517,-6,8),(1.9597,-6,9),(2.0687,-7,9),(2.1767,-7,10),(2.2857,-8,10),(2.3937,-8,11),(2.5027,-9,11),(2.6107,-9,12),(2.7197,-10,12),(2.8277,-10,13),(2.9357,-10,14)
0.0,1,0,2.2774,3
(0.1068,13,8),(0.2158,12,8),(0.3248,11,8),(0.4338,10,8),(0.5428,9,8),(0.6518,8,8),(0.7608,7,8),(0.8698,6,8),(0.9778,6,7),(1.0868,5,7),(1.1948,5,6),(1.3038,4,6),(1.4118,4,5),(1.5198,4,4),(1.6288,3,4),(1.7368,3,3),(1.8458,2,3),(1.9538,2,2),(2.0628,1,2),(2.1708,1,1)
0.0,1,0,2.3894,3
(0.2188,13,8),(0.3278,12,8),(0.4368,11,8),(0.5458,10,8),(0.6548,9,8),(0.7638,8,8),(0.8728,7,8),(0.9818,6,8),(1.0898,6,7),(1.1988,5,7),(1.3068,5,6),(1.4158,4,6),(1.5238,4,5),(1.6318,4,4),(1.7408,3,4),(1.8488,3,3),(1.9578,2,3),(2.0658,2,2),(2.1748,1,2),(2.2828,1,1)
0.0,1,0,2.5014,3
(0.3307,13,8),(0.4397,12,8),(0.5487,11,8),(0.6577,10,8),(0.7667,9,8),(0.8757,8,8),(0.9847,7,8),(1.0937,6,8),(1.2017,6,7),(1.3107,5,7),(1.4187,5,6),(1.5277,4,6),(1.6357,4,5),(1.7437,4,4),(1.8527,3,4),(1.9607,3,3),(2.0697,2,3),(2.1777,2,2),(2.2867,1,2),(2.3947,1,1)
0.0,1,0,2.6134,1
(0.4427,13,8),(0.5517,12,8),(0.6607,11,8),(0.7697,10,8),(0.8787,9,8),(0.9877,8,8),(1.0967,7,8),(1.2057,6,8),(1.3137,6,7),(1.4227,5,7),(1.5307,5,6),(1.6397,4,6),(1.7477,4,5),(1.8557,4,4),(1.9647,3,4),(2.0727,3,3),(2.1817,2,3),(2.2897,2,2),(2.3987,1,2),(2.5067,1,1)
0.0,1,2,3.2567,3
(0.1037,13,9),(0.2127,12,9),(0.3217,11,9),(0.4307,10,9),(0.5397,9,9),(0.6487,8,9),(0.7577,7,9),(0.8667,6,9),(0.9757,5,9),(1.0847,4,9),(1.1937,3,9),(1.3027,2,9),(1.4117,1,9),(1.5207,0,9),(1.6297,-1,9),(1.7387,-2,9),(1.8477,-3,9),(1.9567,-4,9),(2.0657,-5,9),(2.1747,-6,9),(2.2837,-7,9),(2.3917,-7,10),(2.5007,-8,10),(2.6087,-8,11),(2.7177,-9,11),(2.8257,-9,12),(2.9347,-10,12),(3.0427,-10,13),(3.1507,-10,14)
0.0,1,2,3.3688,3
(0.2157,13,9),(0.3247,12,9),(0.4337,11,9),(0.5427,10,9),(0.6517,9,9),(0.7607,8,9),(0.8697,7,9),(0.9787,6,9),(1.0877,5,9),(1.1967,4,9),(1.3057,3,9),(1.4147,2,9),(1.5237,1,9),(1.6327,0,9),(1.7417,-1,9),(1.8507,-2,9),(1.9597,-3,9),(2.0687,-4,9),(2.1777,-5,9),(2.2867,-6,9),(2.3957,-7,9),(2.5037,-7,10),(2.6127,-8,10),(2.7207,-8,11),(2.8297,-9,11),(2.9377,-9,12),(3.0467,-10,12),(3.1547,-10,13),(3.2627,-10,14)
0.0,1,2,3.4808,3
(0.3277,13,9),(0.4367,12,9),(0.5457,11,9),(0.6547,10,9),(0.7637,9,9),(0.8727,8,9),(0.9817,7,9),(1.0907,6,9),(1.1997,5,9),(1.3087,4,9),(1.4177,3,9),(1.5267,2,9),(1.6357,1,9),(1.7447,0,9),(1.8537,-1,9),(1.9627,-2,9),(2.0717,-3,9),(2.1807,-4,9),(2.2897,-5,9),(2.3987,-6,9),(2.5077,-7,9),(2.6157,-7,10),(2.7247,-8,10),(2.8327,-8,11),(2.9417,-9,11),(3.0497,-9,12),(3.1587,-10,12),(3.2667,-10,13),(3.3747,-10,14)
0.0,1,2,3.5928,1
(0.4396,13,9),(0.5486,12,9),(0.6576,11,9),(0.7666,10,9),(0.8756,9,9),(0.9846,8,9),(1.0936,7,9),(1.2026,6,9),(1.3116,5,9),(1.4206,4,9),(1.5296,3,9),(1.6386,2,9),(1.7476,1,9),(1.8566,0,9),(1.9656,-1,9),(2.0746,-2,9),(2.1836,-3,9),(2.2926,-4,9),(2.4016,-5,9),(2.5106,-6,9),(2.6196,-7,9),(2.7276,-7,10),(2.8366,-8,10),(2.9446,-8,11),(3.0536,-9,11),(3.1616,-9,12),(3.2706,-10,12),(3.3786,-10,13),(3.4866,-10,14)
0.0,2,0,2.7035,3
(0.1046,-10,14),(0.2126,-10,13),(0.3216,-9,13),(0.4296,-9,12),(0.5386,-8,12),(0.6466,-8,11),(0.7556,-7,11),(0.8636,-7,10),(0.9716,-7,9),(1.0806,-6,9),(1.1886,-6,8),(1.2976,-5,8),(1.4056,-5,7),(1.5146,-4,7),(1.6226,-4,6),(1.7316,-3,6),(1.8396,-3,5),(1.9476,-3,4),(2.0566,-2,4),(2.1646,-2,3),(2.2736,-1,3),(2.3816,-1,2),(2.4906,0,2),(2.5986,0,1)
0.0,2,0,2.8155,3
(0.2166,-10,14),(0.3246,-10,13),(0.4336,-9,13),(0.5416,-9,12),(0.6506,-8,12),(0.7586,-8,11),(0.8676,-7,11),(0.9756,-7,10),(1.0836,-7,9),(1.1926,-6,9),(1.3006,-6,8),(1.4096,-5,8),(1.5176,-5,7),(1.6266,-4,7),(1.7346,-4,6),(1.8436,-3,6),(1.9516,-3,5),(2.0596,-3,4),(2.1686,-2,4),(2.2766,-2,3),(2.3856,-1,3),(2.4936,-1,2),(2.6026,0,2),(2.7106,0,1)
0.0,2,0,2.9275,3
(0.3287,-10,14),(0.4367,-10,13),(0.5457,-9,13),(0.6537,-9,12),(0.7627,-8,12),(0.8707,-8,11),(0.9797,-7,11),(1.0877,-7,10),(1.1957,-7,9),(1.3047,-6,9),(1.4127,-6,8),(1.5217,-5,8),(1.6297,-5,7),(1.7387,-4,7),(1.8467,-4,6),(1.9557,-3,6),(2.0637,-3,5),(2.1717,-3,4),(2.2807,-2,4),(2.3887,-2,3),(2.4977,-1,3),(2.6057,-1,2),(2.7147,0,2),(2.8227,0,1)
0.0,2,0,3.0395,1
(0.4407,-10,14),(0.5487,-10,13),(0.6577,-9,13),(0.7657,-9,12),(0.8747,-8,12),(0.9827,-8,11),(1.0917,-7,11),(1.1997,-7,10),(1.3077,-7,9),(1.4167,-6,9),(1.5247,-6,8),(1.6337,-5,8),(1.7417,-5,7),(1.8507,-4,7),(1.9587,-4,6),(2.0677,-3,6),(2.1757,-3,5),(2.2837,-3,4),(2.3927,-2,4),(2.5007,-2,3),(2.6097,-1,3),(2.7177,-1,2),(2.8267,0,2),(2.9347,0,1)
0.0,2,1,3.2542,3
(0.1046,-10,14),(0.2136,-9,14),(0.3226,-8,14),(0.4316,-7,14),(0.5406,-6,14),(0.6496,-5,14),(0.7586,-4,14),(0.8676,-3,14),(0.9766,-2,14),(1.0856,-1,14),(1.1946,0,14),(1.3036,1,14),(1.4126,2,14),(1.5216,3,14),(1.6306,4,14),(1.7396,5,14),(1.8486,6,14),(1.9576,7,14),(2.0666,8,14),(2.1756,9,14),(2.2836,9,13),(2.3926,10,13),(2.5006,10,12),(2.6096,11,12),(2.7176,11,11),(2.8266,12,11),(2.9346,12,10),(3.0436,13,10),(3.1516,13,9)
0.0,2,1,3.3663,3
(0.2166,-10,14),(0.3256,-9,14),(0.4346,-8,14),(0.5436,-7,14),(0.6526,-6,14),(0.7616,-5,14),(0.8706,-4,14),(0.9796,-3,14),(1.0886,-2,14),(1.1976,-1,14),(1.3066,0,14),(1.4156,1,14),(1.5246,2,14),(1.6336,3,14),(1.7426,4,14),(1.8516,5,14),(1.9606,6,14),(2.0696,7,14),(2.1786,8,14),(2.2876,9,14),(2.3956,9,13),(2.5046,10,13),(2.6126,10,12),(2.7216,11,12),(2.8296,11,11),(2.9386,12,11),(3.0466,12,10),(3.1556,13,10),(3.2636,13,9)
0.0,2,1,3.4783,3
(0.3287,-10,14),(0.4377,-9,14),(0.5467,-8,14),(0.6557,-7,14),(0.7647,-6,14),(0.8737,-5,14),(0.9827,-4,14),(1.0917,-3,14),(1.2007,-2,14),(1.3097,-1,14),(1.4187,0,14),(1.5277,1,14),(1.6367,2,14),(1.7457,3,14),(1.8547,4,14),(1.9637,5,14),(2.0727,6,14),(2.1817,7,14),(2.2907,8,14),(2.3997,9,14),(2.5077,9,13),(2.6167,10,13),(2.7247,10,12),(2.8337,11,12),(2.9417,11,11),(3.0507,12,11),(3.1587,12,10),(3.2677,13,10),(3.3757,13,9)
0.0,2,1,3.5903,1
(0.4407,-10,14),(0.5497,-9,14),(0.6587,-8,14),(0.7677,-7,14),(0.8767,-6,14),(0.9857,-5,14),(1.0947,-4,14),(1.2037,-3,14),(1.3127,-2,14),(1.4217,-1,14),(1.5307,0,14),(1.6397,1,14),(1.7487,2,14),(1.8577,3,14),(1.9667,4,14),(2.0757,5,14),(2.1847,6,14),(2.2937,7,14),(2.4027,8,14),(2.5117,9,14),(2.6197,9,13),(2.7287,10,13),(2.8367,10,12),(2.9457,11,12),(3.0537,11,11),(3.1627,12,11),(3.2707,12,10),(3.3797,13,10),(3.4877,13,9)
4.7,0,1,2.2735,3
(4.8042,0,1),(4.9132,1,1),(5.0222,2,1),(5.1312,3,1),(5.2402,4,1),(5.3492,5,1),(5.4582,6,1),(5.5672,7,1),(5.6752,3),(5.7804,8,2),(5.8893,6),(6.0004,10,3),(6.1084,10,4),(6.2164,10,5),(6.3244,10,6),(6.4334,11,6),(6.5414,11,7),(6.6504,12,7),(6.7584,12,8),(6.8674,13,8)
4.7,0,1,2.3855,3
(4.9162,0,1),(5.0252,1,1),(5.1342,2,1),(5.2432,3,1),(5.3522,4,1),(5.4612,5,1),(5.5702,6,1),(5.6792,7,1),(5.7871,3),(5.8923,8,2),(6.0012,6),(6.1124,10,3),(6.2204,10,4),(6.3284,10,5),(6.4364,10,6),(6.5454,11,6),(6.6534,11,7),(6.7624,12,7),(6.8704,12,8),(6.9794,13,8)
4.7,0,1,2.4974,3
(5.0282,0,1),(5.1372,1,1),(5.2462,2,1),(5.3552,3,1),(5.4642,4,1),(5.5732,5,1),(5.6822,6,1),(5.7912,7,1),(5.8990,3),(6.0043,8,2),(6.1131,6),(6.2243,10,3),(6.3323,10,4),(6.4403,10,5),(6.5483,10,6),(6.6573,11,6),(6.7653,11,7),(6.8743,12,7),(6.9823,12,8),(7.0913,13,8)
4.7,0,1,2.6094,1
(5.1402,0,1),(5.2492,1,1),(5.3582,2,1),(5.4672,3,1),(5.5762,4,1),(5.6852,5,1),(5.7942,6,1),(5.9032,7,1),(6.0110,3),(6.1163,8,2),(6.2251,6),(6.3363,10,3),(6.4443,10,4),(6.5523,10,5),(6.6603,10,6),(6.7693,11,6),(6.8773,11,7),(6.9863,12,7),(7.0943,12,8),(7.2033,13,8)
4.7,0,2,2.7055,3
(4.8042,0,1),(4.9132,-1,1),(5.0212,-1,2),(5.1302,-2,2),(5.2382,-2,3),(5.3472,-3,3),(5.4552,-3,4),(5.5632,-3,5),(5.6722,-4,5),(5.7802,-4,6),(5.8892,-5,6),(5.9972,-5,7),(6.1062,-6,7),(6.2142,-6,8),(6.3232,-7,8),(6.4312,-7,9),(6.5392,-7,10),(6.6482,-8,10),(6.7562,-8,11),(6.8652,-9,11),(6.9732,-9,12),(7.0822,-10,12),(7.1902,-10,13),(7.2992,-11,13)
4.7,0,2,2.8174,3
(4.9162,0,1),(5.0252,-1,1),(5.1332,-1,2),(5.2422,-2,2),(5.3502,-2,3),(5.4592,-3,3),(5.5672,-3,4),(5.6752,-3,5),(5.7842,-4,5),(5.8922,-4,6),(6.0012,-5,6),(6.1092,-5,7),(6.2182,-6,7),(6.3262,-6,8),(6.4352,-7,8),(6.5432,-7,9),(6.6512,-7,10),(6.7602,-8,10),(6.8682,-8,11),(6.9772,-9,11),(7.0852,-9,12),(7.1942,-10,12),(7.3022,-10,13),(7.4112,-11,13)
4.7,0,2,2.9294,3
(5.0282,0,1),(5.1372,-1,1),(5.2452,-1,2),(5.3542,-2,2),(5.4622,-2,3),(5.5712,-3,3),(5.6792,-3,4),(5.7872,-3,5),(5.8962,-4,5),(6.0042,-4,6),(6.1132,-5,6),(6.2212,-5,7),(6.3302,-6,7),(6.4382,-6,8),(6.5472,-7,8),(6.6552,-7,9),(6.7632,-7,10),(6.8722,-8,10),(6.9802,-8,11),(7.0892,-9,11),(7.1972,-9,12),(7.3062,-10,12),(7.4142,-10,13),(7.5232,-11,13)
4.7,0,2,3.0414,1
(5.1402,0,1),(5.2492,-1,1),(5.3572,-1,2),(5.4662,-2,2),(5.5742,-2,3),(5.6832,-3,3),(5.7912,-3,4),(5.8992,-3,5),(6.0082,-4,5),(6.1162,-4,6),(6.2252,-5,6),(6.3332,-5,7),(6.4422,-6,7),(6.5502,-6,8),(6.6592,-7,8),(6.7672,-7,9),(6.8752,-7,10),(6.9842,-8,10),(7.0922,-8,11),(7.2012,-9,11),(7.3092,-9,12),(7.4182,-10,12),(7.5262,-10,13),(7.6352,-11,13)
4.7,1,0,2.3829,3
(4.8061,13,8),(4.9151,12,8),(5.0241,11,8),(5.1331,10,8),(5.2421,9,8),(5.3511,8,8),(5.4601,7,8),(5.5691,6,8),(5.6771,6,7),(5.7861,5,7),(5.8941,5,6),(6.0031,4,6),(6.1111,4,5),(6.2201,3,5),(6.3281,3,4),(6.4371,2,4),(6.5451,2,3),(6.6531,2,2),(6.7621,1,2),(6.8701,1,1),(6.9791,0,1)
4.7,1,0,2.4949,3
(4.9181,13,8),(5.0271,12,8),(5.1361,11,8),(5.2451,10,8),(5.3541,9,8),(5.4631,8,8),(5.5721,7,8),(5.6811,6,8),(5.7891,6,7),(5.8981,5,7),(6.0061,5,6),(6.1151,4,6),(6.2231,4,5),(6.3321,3,5),(6.4401,3,4),(6.5491,2,4),(6.6571,2,3),(6.7651,2,2),(6.8741,1,2),(6.9821,1,1),(7.0911,0,1)
4.7,1,0,2.6068,3
(5.0301,13,8),(5.1391,12,8),(5.2481,11,8),(5.3571,10,8),(5.4661,9,8),(5.5751,8,8),(5.6841,7,8),(5.7931,6,8),(5.9011,6,7),(6.0101,5,7),(6.1181,5,6),(6.2271,4,6),(6.3351,4,5),(6.4441,3,5),(6.5521,3,4),(6.6611,2,4),(6.7691,2,3),(6.8771,2,2),(6.9861,1,2),(7.0941,1,1),(7.2031,0,1)
4.7,1,0,2.7188,1
(5.1421,13,8),(5.2511,12,8),(5.3601,11,8),(5.4691,10,8),(5.5781,9,8),(5.6871,8,8),(5.7961,7,8),(5.9051,6,8),(6.0131,6,7),(6.1221,5,7),(6.2301,5,6),(6.3391,4,6),(6.4471,4,5),(6.5561,3,5),(6.6641,3,4),(6.7731,2,4),(6.8811,2,3),(6.9891,2,2),(7.0981,1,2),(7.2061,1,1),(7.3151,0,1)
4.7,1,2,3.2565,3
(4.8023,13,9),(4.9113,12,9),(5.0203,11,9),(5.1293,10,9),(5.2383,9,9),(5.3473,8,9),(5.4563,7,9),(5.5653,6,9),(5.6743,5,9),(5.7833,4,9),(5.8923,3,9),(6.0013,2,9),(6.1103,1,9),(6.2193,0,9),(6.3283,-1,9),(6.4373,-2,9),(6.5463,-3,9),(6.6553,-4,9),(6.7643,-5,9),(6.8733,-6,9),(6.9823,-7,9),(7.0903,-7,10),(7.1993,-8,10),(7.3073,-8,11),(7.4163,-9,11),(7.5243,-9,12),(7.6333,-10,12),(7.7413,-10,13),(7.8503,-11,13)
4.7,1,2,3.3685,3
(4.9143,13,9),(5.0233,12,9),(5.1323,11,9),(5.2413,10,9),(5.3503,9,9),(5.4593,8,9),(5.5683,7,9),(5.6773,6,9),(5.7863,5,9),(5.8953,4,9),(6.0043,3,9),(6.1133,2,9),(6.2223,1,9),(6.3313,0,9),(6.4403,-1,9),(6.5493,-2,9),(6.6583,-3,9),(6.7673,-4,9),(6.8763,-5,9),(6.9853,-6,9),(7.0943,-7,9),(7.2023,-7,10),(7.3113,-8,10),(7.4193,-8,11),(7.5283,-9,11),(7.6363,-9,12),(7.7453,-10,12),(7.8533,-10,13),(7.9623,-11,13)
4.7,1,2,3.4805,3
(5.0263,13,9),(5.1353,12,9),(5.2443,11,9),(5.3533,10,9),(5.4623,9,9),(5.5713,8,9),(5.6803,7,9),(5.7893,6,9),(5.8983,5,9),(6.0073,4,9),(6.1163,3,9),(6.2253,2,9),(6.3343,1,9),(6.4433,0,9),(6.5523,-1,9),(6.6613,-2,9),(6.7703,-3,9),(6.8793,-4,9),(6.9883,-5,9),(7.0973,-6,9),(7.2063,-7,9),(7.3143,-7,10),(7.4233,-8,10),(7.5313,-8,11),(7.6403,-9,11),(7.7483,-9,12),(7.8573,-10,12),(7.9653,-10,13),(8.0743,-11,13)
4.7,1,2,3.5924,1
(5.1383,13,9),(5.2473,12,9),(5.3563,11,9),(5.4653,10,9),(5.5743,9,9),(5.6833,8,9),(5.7923,7,9),(5.9013,6,9),(6.0103,5,9),(6.1193,4,9),(6.2283,3,9),(6.3373,2,9),(6.4463,1,9),(6.5553,0,9),(6.6643,-1,9),(6.7733,-2,9),(6.8823,-3,9),(6.9913,-4,9),(7.1003,-5,9),(7.2093,-6,9),(7.3183,-7,9),(7.4263,-7,10),(7.5353,-8,10),(7.6433,-8,11),(7.7523,-9,11),(7.8603,-9,12),(7.9693,-10,12),(8.0773,-10,13),(8.1863,-11,13)
4.7,2,0,2.7045,3
(4.8067,-10,14),(4.9147,-10,13),(5.0237,-9,13),(5.1317,-9,12),(5.2407,-8,12),(5.3487,-8,11),(5.4567,-8,10),(5.5657,-7,10),(5.6737,-7,9),(5.7827,-6,9),(5.8907,-6,8),(5.9997,-5,8),(6.1077,-5,7),(6.2157,-5,6),(6.3247,-4,6),(6.4327,-4,5),(6.5417,-3,5),(6.6497,-3,4),(6.7587,-2,4),(6.8667,-2,3),(6.9757,-1,3),(7.0837,-1,2),(7.1917,-1,1),(7.3007,0,1)
4.7,2,0,2.8165,3
(4.9188,-10,14),(5.0268,-10,13),(5.1358,-9,13),(5.2438,-9,12),(5.3528,-8,12),(5.4608,-8,11),(5.5688,-8,10),(5.6778,-7,10),(5.7858,-7,9),(5.8948,-6,9),(6.0028,-6,8),(6.1118,-5,8),(6.2198,-5,7),(6.3278,-5,6),(6.4368,-4,6),(6.5448,-4,5),(6.6538,-3,5),(6.7618,-3,4),(6.8708,-2,4),(6.9788,-2,3),(7.0878,-1,3),(7.1958,-1,2),(7.3038,-1,1),(7.4128,0,1)
4.7,2,0,2.9285,3
(5.0308,-10,14),(5.1388,-10,13),(5.2478,-9,13),(5.3558,-9,12),(5.4648,-8,12),(5.5728,-8,11),(5.6808,-8,10),(5.7898,-7,10),(5.8978,-7,9),(6.0068,-6,9),(6.1148,-6,8),(6.2238,-5,8),(6.3318,-5,7),(6.4398,-5,6),(6.5488,-4,6),(6.6568,-4,5),(6.7658,-3,5),(6.8738,-3,4),(6.9828,-2,4),(7.0908,-2,3),(7.1998,-1,3),(7.3078,-1,2),(7.4158,-1,1),(7.5248,0,1)
4.7,2,0,3.0406,1
(5.1429,-10,14),(5.2509,-10,13),(5.3599,-9,13),(5.4679,-9,12),(5.5769,-8,12),(5.6849,-8,11),(5.7929,-8,10),(5.9019,-7,10),(6.0099,-7,9),(6.1189,-6,9),(6.2269,-6,8),(6.3359,-5,8),(6.4439,-5,7),(6.5519,-5,6),(6.6609,-4,6),(6.7689,-4,5),(6.8779,-3,5),(6.9859,-3,4),(7.0949,-2,4),(7.2029,-2,3),(7.3119,-1,3),(7.4199,-1,2),(7.5279,-1,1),(7.6369,0,1)
4.7,2,1,3.1506,3
(4.8067,-10,14),(4.9157,-9,14),(5.0247,-8,14),(5.1350,0),(5.2452,-6,13),(5.3542,-5,13),(5.4632,-4,13),(5.5722,-3,13),(5.6812,-2,13),(5.7902,-1,13),(5.8992,0,13),(6.0082,1,13),(6.1172,2,13),(6.2262,3,13),(6.3352,4,13),(6.4442,5,13),(6.5532,6,13),(6.6622,7,13),(6.7712,8,13),(6.8802,9,13),(6.9892,10,13),(7.0972,10,12),(7.2062,11,12),(7.3142,11,11),(7.4232,12,11),(7.5312,12,10),(7.6392,12,9),(7.7482,13,9)
4.7,2,1,3.2627,3
(4.9188,-10,14),(5.0278,-9,14),(5.1368,-8,14),(5.2470,0),(5.3573,-6,13),(5.4663,-5,13),(5.5753,-4,13),(5.6843,-3,13),(5.7933,-2,13),(5.9023,-1,13),(6.0113,0,13),(6.1203,1,13),(6.2293,2,13),(6.3383,3,13),(6.4473,4,13),(6.5563,5,13),(6.6653,6,13),(6.7743,7,13),(6.8833,8,13),(6.9923,9,13),(7.1013,10,13),(7.2093,10,12),(7.3183,11,12),(7.4263,11,11),(7.5353,12,11),(7.6433,12,10),(7.7513,12,9),(7.8603,13,9)
4.7,2,1,3.3748,3
(5.0308,-10,14),(5.1398,-9,14),(5.2488,-8,14),(5.3590,0),(5.4693,-6,13),(5.5783,-5,13),(5.6873,-4,13),(5.7963,-3,13),(5.9053,-2,13),(6.0143,-1,13),(6.1233,0,13),(6.2323,1,13),(6.3413,2,13),(6.4503,3,13),(6.5593,4,13),(6.6683,5,13),(6.7773,6,13),(6.8863,7,13),(6.9953,8,13),(7.1043,9,13),(7.2133,10,13),(7.3213,10,12),(7.4303,11,12),(7.5383,11,11),(7.6473,12,11),(7.7553,12,10),(7.8633,12,9),(7.9723,13,9)
4.7,2,1,3.4869,1
(5.1429,-10,14),(5.2519,-9,14),(5.3609,-8,14),(5.4710,0),(5.5814,-6,13),(5.6904,-5,13),(5.7994,-4,13),(5.9084,-3,13),(6.0174,-2,13),(6.1264,-1,13),(6.2354,0,13),(6.3444,1,13),(6.4534,2,13),(6.5624,3,13),(6.6714,4,13),(6.7804,5,13),(6.8894,6,13),(6.9984,7,13),(7.1074,8,13),(7.2164,9,13),(7.3254,10,13),(7.4334,10,12),(7.5424,11,12),(7.6504,11,11),(7.7594,12,11),(7.8674,12,10),(7.9754,12,9),(8.0844,13,9)
16.4,0,1,2.1727,3
(16.5051,0,1),(16.6141,1,1),(16.7231,2,1),(16.8321,3,1),(16.9411,4,1),(17.0501,5,1),(17.1591,6,1),(17.2696,3),(17.3810,7,3),(17.4900,8,3),(17.5980,8,4),(17.7070,9,4),(17.8150,9,5),(17.9240,10,5),(18.0320,10,6),(18.1410,11,6),(18.2490,11,7),(18.3570,11,8),(18.4660,12,8)
16.4,0,1,2.2846,3
(16.6172,0,1),(16.7262,1,1),(16.8352,2,1),(16.9442,3,1),(17.0532,4,1),(17.1622,5,1),(17.2712,6,1),(17.3816,3),(17.4930,7,3),(17.6020,8,3),(17.7100,8,4),(17.8190,9,4),(17.9270,9,5),(18.0360,10,5),(18.1440,10,6),(18.2530,11,6),(18.3610,11,7),(18.4690,11,8),(18.5780,12,8)
16.4,0,1,2.3966,3
(16.7292,0,1),(16.8382,1,1),(16.9472,2,1),(17.0562,3,1),(17.1652,4,1),(17.2742,5,1),(17.3832,6,1),(17.4936,3),(17.6050,7,3),(17.7140,8,3),(17.8220,8,4),(17.9310,9,4),(18.0390,9,5),(18.1480,10,5),(18.2560,10,6),(18.3650,11,6),(18.4730,11,7),(18.5810,11,8),(18.6900,12,8)
16.4,0,1,2.5086,1
(16.8412,0,1),(16.9502,1,1),(17.0592,2,1),(17.1682,3,1),(17.2772,4,1),(17.3862,5,1),(17.4952,6,1),(17.6056,3),(17.7170,7,3),(17.8260,8,3),(17.9340,8,4),(18.0430,9,4),(18.1510,9,5),(18.2600,10,5),(18.3680,10,6),(18.4770,11,6),(18.5850,11,7),(18.6930,11,8),(18.8020,12,8)
16.4,0,2,2.7055,3
(16.5065,-1,1),(16.6155,-2,1),(16.7235,-2,2),(16.8315,-2,3),(16.9405,-3,3),(17.0485,-3,4),(17.1575,-4,4),(17.2655,-4,5),(17.3745,-5,5),(17.4825,-5,6),(17.5915,-6,6),(17.6995,-6,7),(17.8075,-6,8),(17.9165,-7,8),(18.0245,-7,9),(18.1335,-8,9),(18.2415,-8,10),(18.3505,-9,10),(18.4585,-9,11),(18.5675,-10,11),(18.6755,-10,12),(18.7835,-10,13),(18.8925,-11,13),(19.0005,-11,14)
16.4,0,2,2.8175,3
(16.6184,-1,1),(16.7274,-2,1),(16.8354,-2,2),(16.9434,-2,3),(17.0524,-3,3),(17.1604,-3,4),(17.2694,-4,4),(17.3774,-4,5),(17.4864,-5,5),(17.5944,-5,6),(17.7034,-6,6),(17.8114,-6,7),(17.9194,-6,8),(18.0284,-7,8),(18.1364,-7,9),(18.2454,-8,9),(18.3534,-8,10),(18.4624,-9,10),(18.5704,-9,11),(18.6794,-10,11),(18.7874,-10,12),(18.8964,-11,12),(19.0044,-11,13),(19.1124,-11,14)
16.4,0,2,2.9295,3
(16.7304,-1,1),(16.8394,-2,1),(16.9474,-2,2),(17.0554,-2,3),(17.1644,-3,3),(17.2724,-3,4),(17.3814,-4,4),(17.4894,-4,5),(17.5984,-5,5),(17.7064,-5,6),(17.8154,-6,6),(17.9234,-6,7),(18.0324,-7,7),(18.1404,-7,8),(18.2484,-7,9),(18.3574,-8,9),(18.4654,-8,10),(18.5744,-9,10),(18.6824,-9,11),(18.7914,-10,11),(18.8994,-10,12),(19.0084,-11,12),(19.1164,-11,13),(19.2244,-11,14)
16.4,0,2,3.0415,1
(16.8423,-1,1),(16.9513,-2,1),(17.0593,-2,2),(17.1683,-3,2),(17.2763,-3,3),(17.3843,-3,4),(17.4933,-4,4),(17.6013,-4,5),(17.7103,-5,5),(17.8183,-5,6),(17.9273,-6,6),(18.0353,-6,7),(18.1443,-7,7),(18.2523,-7,8),(18.3603,-7,9),(18.4693,-8,9),(18.5773,-8,10),(18.6863,-9,10),(18.7943,-9,11),(18.9033,-10,11),(19.0113,-10,12),(19.1203,-11,12),(19.2283,-11,13),(19.3363,-11,14)
16.4,1,0,2.3824,3
(16.5044,12,9),(16.6134,11,9),(16.7224,10,9),(16.8314,9,9),(16.9404,8,9),(17.0494,7,9),(17.1584,6,9),(17.2664,6,8),(17.3754,5,8),(17.4834,5,7),(17.5924,4,7),(17.7004,4,6),(17.8094,3,6),(17.9174,3,5),(18.0254,3,4),(18.1344,2,4),(18.2424,2,3),(18.3514,1,3),(18.4594,1,2),(18.5684,0,2),(18.6764,0,1)
16.4,1,0,2.4944,3
(16.6164,12,9),(16.7254,11,9),(16.8344,10,9),(16.9434,9,9),(17.0524,8,9),(17.1614,7,9),(17.2704,6,9),(17.3784,6,8),(17.4874,5,8),(17.5954,5,7),(17.7044,4,7),(17.8124,4,6),(17.9214,3,6),(18.0294,3,5),(18.1374,3,4),(18.2464,2,4),(18.3544,2,3),(18.4634,1,3),(18.5714,1,2),(18.6804,0,2),(18.7884,0,1)
16.4,1,0,2.6064,3
(16.7283,12,9),(16.8373,11,9),(16.9463,10,9),(17.0553,9,9),(17.1643,8,9),(17.2733,7,9),(17.3823,6,9),(17.4903,6,8),(17.5993,5,8),(17.7073,5,7),(17.8163,4,7),(17.9243,4,6),(18.0333,3,6),(18.1413,3,5),(18.2493,3,4),(18.3583,2,4),(18.4663,2,3),(18.5753,1,3),(18.6833,1,2),(18.7923,0,2),(18.9003,0,1)
16.4,1,0,2.7184,1
(16.8403,12,9),(16.9493,11,9),(17.0583,10,9),(17.1673,9,9),(17.2763,8,9),(17.3853,7,9),(17.4943,6,9),(17.6023,6,8),(17.7113,5,8),(17.8193,5,7),(17.9283,4,7),(18.0363,4,6),(18.1453,3,6),(18.2533,3,5),(18.3613,3,4),(18.4703,2,4),(18.5783,2,3),(18.6873,1,3),(18.7953,1,2),(18.9043,0,2),(19.0123,0,1)
16.4,1,2,3.2567,3
(16.5044,12,9),(16.6134,11,9),(16.7224,10,9),(16.8314,9,9),(16.9404,8,9),(17.0494,7,9),(17.1584,6,9),(17.2674,5,9),(17.3764,4,9),(17.4854,3,9),(17.5944,2,9),(17.7034,1,9),(17.8124,0,9),(17.9214,-1,9),(18.0304,-2,9),(18.1394,-3,9),(18.2484,-4,9),(18.3574,-5,9),(18.4664,-6,9),(18.5754,-7,9),(18.6844,-8,9),(18.7924,-8,10),(18.9014,-9,10),(19.0094,-9,11),(19.1184,-10,11),(19.2264,-10,12),(19.3354,-11,12),(19.4434,-11,13),(19.5514,-11,14)
16.4,1,2,3.3687,3
(16.6164,12,9),(16.7254,11,9),(16.8344,10,9),(16.9434,9,9),(17.0524,8,9),(17.1614,7,9),(17.2704,6,9),(17.3794,5,9),(17.4884,4,9),(17.5974,3,9),(17.7064,2,9),(17.8154,1,9),(17.9244,0,9),(18.0334,-1,9),(18.1424,-2,9),(18.2514,-3,9),(18.3604,-4,9),(18.4694,-5,9),(18.5784,-6,9),(18.6874,-7,9),(18.7964,-8,9),(18.9044,-8,10),(19.0134,-9,10),(19.1214,-9,11),(19.2304,-10,11),(19.3384,-10,12),(19.4474,-11,12),(19.5554,-11,13),(19.6634,-11,14)
16.4,1,2,3.4807,3
(16.7283,12,9),(16.8373,11,9),(16.9463,10,9),(17.0553,9,9),(17.1643,8,9),(17.2733,7,9),(17.3823,6,9),(17.4913,5,9),(17.6003,4,9),(17.7093,3,9),(17.8183,2,9),(17.9273,1,9),(18.0363,0,9),(18.1453,-1,9),(18.2543,-2,9),(18.3633,-3,9),(18.4723,-4,9),(18.5813,-5,9),(18.6903,-6,9),(18.7993,-7,9),(18.9083,-8,9),(19.0163,-8,10),(19.1253,-9,10),(19.2333,-9,11),(19.3423,-10,11),(19.4503,-10,12),(19.5593,-11,12),(19.6673,-11,13),(19.7753,-11,14)
16.4,1,2,3.5927,1
(16.8403,12,9),(16.9493,11,9),(17.0583,10,9),(17.1673,9,9),(17.2763,8,9),(17.3853,7,9),(17.4943,6,9),(17.6033,5,9),(17.7123,4,9),(17.8213,3,9),(17.9303,2,9),(18.0393,1,9),(18.1483,0,9),(18.2573,-1,9),(18.3663,-2,9),(18.4753,-3,9),(18.5843,-4,9),(18.6933,-5,9),(18.8023,-6,9),(18.9113,-7,9),(19.0203,-8,9),(19.1283,-8,10),(19.2373,-9,10),(19.3453,-9,11),(19.4543,-10,11),(19.5623,-10,12),(19.6713,-11,12),(19.7793,-11,13),(19.8873,-11,14)
16.4,2,0,2.5984,3
(16.5069,-11,13),(16.6159,-10,13),(16.7239,-10,12),(16.8329,-9,12),(16.9409,-9,11),(17.0499,-8,11),(17.1579,-8,10),(17.2659,-8,9),(17.3749,-7,9),(17.4829,-7,8),(17.5919,-6,8),(17.6999,-6,7),(17.8089,-5,7),(17.9169,-5,6),(18.0259,-4,6),(18.1339,-4,5),(18.2419,-4,4),(18.3509,-3,4),(18.4589,-3,3),(18.5679,-2,3),(18.6759,-2,2),(18.7849,-1,2),(18.8929,-1,1)
16.4,2,0,2.7103,3
(16.6189,-11,13),(16.7279,-10,13),(16.8359,-10,12),(16.9449,-9,12),(17.0529,-9,11),(17.1619,-8,11),(17.2699,-8,10),(17.3779,-8,9),(17.4869,-7,9),(17.5949,-7,8),(17.7039,-6,8),(17.8119,-6,7),(17.9209,-5,7),(18.0289,-5,6),(18.1379,-4,6),(18.2459,-4,5),(18.3539,-4,4),(18.4629,-3,4),(18.5709,-3,3),(18.6799,-2,3),(18.7879,-2,2),(18.8969,-1,2),(19.0049,-1,1)
16.4,2,0,2.8223,3
(16.7309,-11,13),(16.8399,-10,13),(16.9479,-10,12),(17.0569,-9,12),(17.1649,-9,11),(17.2739,-8,11),(17.3819,-8,10),(17.4899,-8,9),(17.5989,-7,9),(17.7069,-7,8),(17.8159,-6,8),(17.9239,-6,7),(18.0329,-5,7),(18.1409,-5,6),(18.2499,-4,6),(18.3579,-4,5),(18.4659,-4,4),(18.5749,-3,4),(18.6829,-3,3),(18.7919,-2,3),(18.8999,-2,2),(19.0089,-1,2),(19.1169,-1,1)
16.4,2,0,2.9343,1
(16.8430,-11,13),(16.9520,-10,13),(17.0600,-10,12),(17.1690,-9,12),(17.2770,-9,11),(17.3860,-8,11),(17.4940,-8,10),(17.6020,-8,9),(17.7110,-7,9),(17.8190,-7,8),(17.9280,-6,8),(18.0360,-6,7),(18.1450,-5,7),(18.2530,-5,6),(18.3620,-4,6),(18.4700,-4,5),(18.5780,-4,4),(18.6870,-3,4),(18.7950,-3,3),(18.9040,-2,3),(19.0120,-2,2),(19.1210,-1,2),(19.2290,-1,1)
16.4,2,1,3.1498,3
(16.5069,-11,13),(16.6159,-10,13),(16.7249,-9,13),(16.8364,0),(16.9436,-7,13),(17.0526,-6,13),(17.1616,-5,13),(17.2706,-4,13),(17.3796,-3,13),(17.4886,-2,13),(17.5976,-1,13),(17.7066,0,13),(17.8156,1,13),(17.9246,2,13),(18.0336,3,13),(18.1426,4,13),(18.2516,5,13),(18.3606,6,13),(18.4696,7,13),(18.5786,8,13),(18.6876,9,13),(18.7956,9,12),(18.9046,10,12),(19.0126,10,11),(19.1216,11,11),(19.2296,11,10),(19.3386,12,10),(19.4466,12,9)
16.4,2,1,3.2617,3
(16.6189,-11,13),(16.7279,-10,13),(16.8369,-9,13),(16.9483,0),(17.0556,-7,13),(17.1646,-6,13),(17.2736,-5,13),(17.3826,-4,13),(17.4916,-3,13),(17.6006,-2,13),(17.7096,-1,13),(17.8186,0,13),(17.9276,1,13),(18.0366,2,13),(18.1456,3,13),(18.2546,4,13),(18.3636,5,13),(18.4726,6,13),(18.5816,7,13),(18.6906,8,13),(18.7996,9,13),(18.9076,9,12),(19.0166,10,12),(19.1246,10,11),(19.2336,11,11),(19.3416,11,10),(19.4506,12,10),(19.5586,12,9)
16.4,2,1,3.3737,3
(16.7309,-11,13),(16.8399,-10,13),(16.9489,-9,13),(17.0603,0),(17.1676,-7,13),(17.2766,-6,13),(17.3856,-5,13),(17.4946,-4,13),(17.6036,-3,13),(17.7126,-2,13),(17.8216,-1,13),(17.9306,0,13),(18.0396,1,13),(18.1486,2,13),(18.2576,3,13),(18.3666,4,13),(18.4756,5,13),(18.5846,6,13),(18.6936,7,13),(18.8026,8,13),(18.9116,9,13),(19.0196,9,12),(19.1286,10,12),(19.2366,10,11),(19.3456,11,11),(19.4536,11,10),(19.5626,12,10),(19.6706,12,9)
16.4,2,1,3.4857,1
(16.8430,-11,13),(16.9520,-10,13),(17.0610,-9,13),(17.1723,0),(17.2796,-7,13),(17.3886,-6,13),(17.4976,-5,13),(17.6066,-4,13),(17.7156,-3,13),(17.8246,-2,13),(17.9336,-1,13),(18.0426,0,13),(18.1516,1,13),(18.2606,2,13),(18.3696,3,13),(18.4786,4,13),(18.5876,5,13),(18.6966,6,13),(18.8056,7,13),(18.9146,8,13),(19.0236,9,13),(19.1316,9,12),(19.2406,10,12),(19.3486,10,11),(19.4576,11,11),(19.5656,11,10),(19.6746,12,10),(19.7826,12,9)
